8.919982080115004819e-03 4.187381745935163900e-03
1.339605305111035705e-02 3.746495268715638143e-03
1.605546799022704307e-02 3.337462799844554111e-03
1.790920299477875149e-02 2.903827370558003870e-03
1.965061157941818196e-02 2.919788229599436236e-03
2.093359318561852089e-02 2.751277220713597895e-03
2.207174990326166153e-02 2.684828789441061781e-03
2.329271004535257705e-02 2.660308628313081368e-03
2.444156492128968239e-02 2.538373126555838310e-03
2.528190670534968473e-02 2.598723713858472600e-03
2.609580850228667218e-02 2.401909845886959251e-03
2.688754089176654746e-02 2.394432971336947664e-03
2.770904043689370252e-02 2.400656805626137560e-03
2.836507134139537936e-02 2.378383298399788792e-03
2.907003352418541936e-02 2.290621415213009004e-03
2.960564825683832321e-02 2.364241654661738447e-03
3.029775457456708107e-02 2.276132806896072683e-03
3.091232487931847711e-02 2.176266934319534985e-03
3.164729548618197552e-02 2.196264713917974939e-03
3.228822452947497507e-02 2.132953097728860093e-03
3.293086187914014140e-02 2.128662166377576562e-03
3.357232522219419368e-02 2.109244414779474792e-03
3.398532671853900233e-02 2.077490525540421924e-03
3.448908193036914066e-02 2.163103339792891294e-03
3.509169330820441357e-02 2.146849225506384552e-03
3.552987698465585875e-02 2.127782888877548326e-03
3.600772589445114247e-02 2.028386719172995106e-03
3.649958066642284421e-02 2.019895282323754936e-03
3.692274607717990764e-02 1.997872794061017390e-03
3.734488084912299805e-02 2.027462114649802079e-03
3.775040827691555217e-02 2.020121260435458078e-03
3.820744175463915149e-02 1.922397304195723033e-03
3.862890917807817320e-02 1.906739577605729048e-03
3.901468861848116088e-02 1.912422121910104618e-03
3.946847844868898308e-02 1.844469940478835491e-03
3.980670575052500104e-02 1.863458040813848306e-03
4.014112710952758706e-02 1.819042005783851144e-03
4.054006651043891990e-02 1.777709851977273383e-03
4.090494371950626623e-02 1.747223362918840818e-03
4.126980707049369979e-02 1.673093519712275448e-03
4.162479460239410650e-02 1.637373932705441437e-03
4.198610208928585386e-02 1.655110622622248465e-03
4.234818801283836420e-02 1.600945359916824094e-03
4.268902663141489057e-02 1.575710801117325604e-03
4.301029711961746466e-02 1.532435241351930155e-03
4.333153855055570797e-02 1.468610780828751667e-03
4.363344293087721010e-02 1.430916401582278457e-03
4.394140798598528130e-02 1.431602060893922852e-03
4.428335979580879517e-02 1.450999686582983084e-03
4.454231571406126050e-02 1.435694580612841388e-03
4.487193785607814650e-02 1.455454796837175359e-03
4.518493607640266391e-02 1.397423155460678903e-03
4.550786029547453093e-02 1.334919221134604501e-03
4.581252355128526826e-02 1.312337500506082118e-03
4.609505221247672813e-02 1.273162326448174474e-03
4.635833241045474867e-02 1.227885142452763301e-03
4.663803830742836026e-02 1.206897906691352168e-03
4.688870973885059246e-02 1.249224796208887834e-03
4.717028442770242885e-02 1.273342685772217231e-03
4.741645798087119890e-02 1.295413547416700544e-03
4.762756809592247342e-02 1.312467005649971480e-03
4.791180253028869823e-02 1.293481409008908093e-03
4.821389589458704300e-02 1.279460986599716696e-03
4.845468025654554173e-02 1.284095110329856867e-03
4.874141976237297141e-02 1.256289137689967994e-03
4.901618156582117358e-02 1.255380988576758599e-03
4.933413963764905763e-02 1.209441395669518752e-03
4.959511216729879657e-02 1.222482570714717234e-03
4.988203935325145888e-02 1.240475500035063050e-03
5.019841503351926693e-02 1.189302332592235374e-03
5.049143403768539123e-02 1.211205931548108104e-03
5.082876008003950341e-02 1.205143163737282513e-03
5.116425838321447123e-02 1.210399394240803004e-03
5.149375349283218106e-02 1.218665224864187453e-03
5.186578448861837304e-02 1.258736839919476300e-03
5.218425914645195146e-02 1.247782243078166984e-03
5.251347571611404697e-02 1.208649187832445135e-03
5.282596006989478954e-02 1.280315584063887718e-03
5.314587771892547580e-02 1.313895516400839444e-03
5.349356651306152316e-02 1.319418707099945156e-03
5.385884314775466614e-02 1.312937882027964904e-03
5.419859062880277856e-02 1.307300478067322446e-03
5.463864147663116677e-02 1.308291766408604603e-03
5.508685901761054687e-02 1.360463522591173584e-03
5.548273164778947525e-02 1.358579379359835596e-03
5.587652809917927066e-02 1.387976449370787509e-03
5.638415135443210907e-02 1.409385236023781877e-03
5.675797212868929215e-02 1.393899643551717435e-03
5.720153354108333671e-02 1.383240672650356629e-03
5.761993400752544320e-02 1.451912951462526035e-03
5.805956810712814553e-02 1.501028519906818072e-03
5.862824037671088978e-02 1.427082412544941658e-03
5.929476749151944837e-02 1.467873835401055371e-03
5.999668110162019452e-02 1.584098824421773834e-03
6.073555488139390640e-02 1.677668853917437626e-03
6.161501392722129600e-02 1.956679480028968628e-03
6.260438930243253375e-02 2.126188206492015970e-03
6.407340869307517894e-02 2.476233606737209079e-03
6.625711005181074420e-02 3.102376695124913365e-03
7.049106497317553233e-02 4.826413721014785954e-03
4.333101981639862288e+01 1.777209720746035515e+01
5.981830286979675293e+01 1.956885194493373348e+01
6.997156740188599144e+01 1.673034313496646419e+01
8.047749916076659815e+01 1.660112687562623535e+01
8.761376155853271541e+01 1.687303450804561678e+01
9.232183658599853970e+01 1.749386479134201622e+01
9.922958503723144474e+01 1.772147894292897874e+01
1.024936643218994163e+02 1.640984944561249748e+01
1.109618714904785151e+02 1.862401134682034254e+01
1.107650539779663035e+02 1.854256911580598199e+01
1.136814060211181641e+02 1.875239767493908616e+01
1.193064441680908203e+02 1.799337896269772585e+01
1.224595584106445330e+02 2.015380933754037684e+01
1.249693197631835915e+02 2.007950386166826107e+01
1.285032826232910281e+02 1.861264315816988102e+01
1.284577510070800770e+02 1.973872982024230538e+01
1.320027436828613361e+02 2.038055782691660411e+01
1.357541322326660236e+02 1.849231080010503447e+01
1.399421521759033169e+02 2.077823567771096336e+01
1.431499800872802837e+02 1.991651831321567911e+01
1.478099473571777480e+02 2.112903444214539661e+01
1.504241351318359250e+02 1.855862869309890328e+01
1.515336196899414176e+02 1.940681396799943315e+01
1.541667271423339969e+02 2.004629255435513713e+01
1.560390745544433457e+02 2.321477233055833622e+01
1.552230123138427871e+02 2.091137548935509471e+01
1.637420951080322311e+02 2.160740181792174752e+01
1.638794094848632881e+02 2.017961051247758419e+01
1.669149414062499943e+02 2.115748306665387091e+01
1.630791355895996162e+02 2.239000372301810060e+01
1.688066822814941474e+02 1.994287882025222558e+01
1.693854313659668094e+02 2.048922796020667647e+01
1.722597026062011594e+02 2.093452907141966435e+01
1.746987325286865200e+02 1.824344706308613340e+01
1.731266481018066372e+02 1.911587397406835365e+01
1.843342378234863190e+02 2.450799135166587917e+01
1.766520735168456895e+02 2.029841873887345471e+01
1.769890195465087857e+02 2.289264765332883300e+01
1.832001029968261605e+02 2.189194311776933333e+01
1.821207866668701172e+02 2.469975884836840763e+01
1.824630354309082065e+02 2.256184359148086571e+01
1.847134785461425679e+02 1.829604691777829117e+01
1.882130335998535031e+02 2.005400417625798681e+01
1.855579063415527230e+02 2.140980080421908127e+01
1.883210998535156193e+02 2.233603101301690685e+01
1.921044439697265602e+02 2.292715670679749351e+01
1.938709323120117176e+02 2.258048384127411623e+01
1.973075979614257847e+02 2.104611922169284455e+01
1.978264631652832009e+02 2.215625105178940757e+01
1.946115029907226699e+02 2.089279949832593886e+01
1.985154031372070449e+02 2.115587896379791033e+01
1.988888716125488259e+02 2.119517086790822447e+01
2.026166455078125068e+02 1.963327353675286346e+01
2.023534776306152310e+02 2.150856475024988512e+01
2.049262475585937580e+02 2.153022842123206004e+01
2.026434829711914176e+02 2.051019978867995874e+01
2.041447212219238168e+02 2.367362809313549477e+01
2.077513807678222690e+02 2.081268554775689239e+01
2.048220419311523415e+02 2.108426308865956855e+01
2.081170382690429790e+02 2.390812225249914391e+01
2.086694732666015568e+02 2.070331586276371993e+01
2.115014888000488327e+02 1.774792671590570237e+01
2.116270315551757903e+02 2.168453215171563642e+01
2.117521842956543026e+02 1.852045050073820676e+01
2.142538650512695426e+02 1.902711524343095917e+01
2.177893127441406307e+02 1.980743569527849957e+01
2.152487507629394656e+02 1.815304874222429277e+01
2.148358549499511696e+02 2.212910559706645230e+01
2.119067404174804778e+02 2.039471690181609276e+01
2.157592628479004020e+02 1.910518446039886342e+01
2.196091517639160031e+02 1.642404750507591160e+01
2.195677899169921830e+02 1.785128485350893612e+01
2.207701164245605412e+02 1.791889102350891960e+01
2.213021316528320312e+02 1.813816777288790050e+01
2.188850471496581918e+02 1.899440977521404150e+01
2.212596685791015716e+02 1.829820315538909270e+01
2.230589024353027412e+02 1.651226272446891841e+01
2.224962213134765534e+02 2.014454049912608724e+01
2.185260330200195256e+02 2.028014419414754954e+01
2.234788812255859511e+02 1.871173065902177157e+01
2.257260435485839878e+02 1.828303798526109247e+01
2.278727644348144565e+02 1.722637758052769641e+01
2.264855389404296773e+02 1.733449901379844604e+01
2.268907789611816384e+02 1.707527042531960149e+01
2.262339477539062500e+02 1.600646236871570238e+01
2.270082142639160168e+02 1.847270592941571365e+01
2.286568598937988384e+02 1.486980078282897288e+01
2.281465966796874909e+02 1.520444800550730591e+01
2.306190248107910179e+02 1.457877281689780702e+01
2.294360160827636719e+02 1.584915488196875266e+01
2.294144242858886855e+02 1.759788690310730175e+01
2.316658129882812602e+02 1.502853579989995225e+01
2.328692247009277310e+02 1.535784830165377990e+01
2.338922126770019645e+02 1.180362406724335500e+01
2.327655140686035224e+02 1.338082250158691799e+01
2.349011114501953159e+02 1.181202405454038029e+01
2.352250283813476699e+02 1.209821678491180919e+01
2.336406587219238418e+02 1.462315614401844677e+01
2.371964163208007790e+02 1.157094718755247342e+01
2.366952778625488349e+02 1.137230030847119444e+01
-2.374141016244888363e+02 5.362161734533239041e+02
-6.373151397228240711e+01 5.387169116463232967e+02
-2.965521680593490572e+01 4.774710828904682671e+02
-8.206888706207274709e+01 5.264562383420015976e+02
-1.145524370384216297e+02 5.920082828696013166e+02
-8.262129669666290965e+01 5.192427811114660017e+02
-9.511698950052260670e+01 4.961925321228586085e+02
-3.946507362365722571e+01 4.814214615613218484e+02
-1.417738568210601784e+02 5.486960683511487105e+02
-1.986224921703338708e+01 5.233841033630587845e+02
-5.957305677533149435e+01 4.811395300132094803e+02
-2.666126449584960767e+01 5.342061517624991893e+02
-2.264812978744506822e+01 5.829077328570423333e+02
-7.825402082920074065e+01 5.170595433910104930e+02
-5.736568952083587902e+01 5.232765532807426325e+02
3.230261654376983671e+01 4.987523201379688089e+02
-2.996584373474120966e+01 5.255217477137061906e+02
-9.627132000923157307e+01 5.545945641468754275e+02
-9.448500883102417447e+01 6.074411473512252542e+02
5.152248999118805273e+01 5.071599627093145841e+02
-6.548244429588318383e+01 5.100062858706975248e+02
2.447687944978475727e+01 4.551635946442582963e+02
-8.020132699012756916e+01 5.931591305590119418e+02
-7.594091910362243425e+01 4.896310839299820827e+02
5.703375657320022896e+01 4.889275602891341919e+02
9.174744835376739616e+01 5.189861570192259705e+02
-1.207392543709278101e+02 5.390656953306411197e+02
-5.896609315872192170e+00 5.789788622607152320e+02
-1.548944807934761059e+02 4.957210503731760127e+02
-9.930903426170348780e+01 5.312141228277467917e+02
-1.164370088541507755e+02 5.740024253171684450e+02
-6.603159805119037173e+01 5.409731517100054816e+02
-8.170278752326964877e+01 5.209822577263857966e+02
1.698649290561676040e+01 5.638117162729695337e+02
-8.647214145660400675e+01 5.874247336212436039e+02
-1.603662500000000080e+02 5.403195230866273278e+02
2.525259072303772001e+01 5.354384653552066311e+02
1.764503966093063525e+01 5.356084283018200267e+02
-1.464751491093635423e+02 4.924112429017180830e+02
-7.181467720508575781e+01 5.286732132086821139e+02
-3.047698982238769361e+01 5.155728034525578778e+02
-7.037696873426438060e+01 5.425579189964922762e+02
3.882057261466979980e+01 5.283057399090984063e+02
1.674569096326828088e+01 5.720661685322687617e+02
9.487532683610916706e+01 5.462975261685326132e+02
-2.395803022384643555e+01 5.703825926177939891e+02
-2.862573151350021305e+01 5.020068168215103128e+02
-1.553805816650390739e+02 5.596578348393934448e+02
3.094929374217987217e+01 5.240162959435966741e+02
1.489153314590454080e+01 4.506450024392206046e+02
1.203506601595878607e+02 5.660679118635478062e+02
-7.243160429000854883e+00 5.286415311252635547e+02
1.720092939615249605e+01 4.834487987377102627e+02
3.912125067353248653e+01 5.149879672710977729e+02
-5.962106742858886577e+01 6.025324420951350248e+02
-6.329445011019706868e+01 4.678432923715223524e+02
2.301803303718567051e+01 5.205889691446903953e+02
-2.519759071350097557e+01 5.075735361956558336e+02
-4.870974799394607402e+01 5.404065826408021849e+02
4.830066348075866500e+01 5.112865389105367626e+02
4.107542863845824854e+01 5.356592924329758034e+02
-1.202961711525917110e+01 4.719449393622493290e+02
-1.300451197266578696e+01 5.284717348482412262e+02
-7.563661345243454015e+00 5.576157096995131042e+02
-3.773602883338928393e+01 5.306374163780666322e+02
-1.809952750116586628e+01 5.769300091742243239e+02
7.891869280815124910e+01 5.402558011634530430e+02
4.370350047349929667e+01 5.381675210564692406e+02
4.442311326503753577e+01 5.047055162501962400e+02
6.236254247426986552e+01 4.914125939562464964e+02
1.071850695133209186e+01 4.930417840777204788e+02
3.856928522050380792e+01 5.500413411627341702e+02
-2.043096817970275936e+01 5.459292061515800469e+02
9.219589115619659481e+01 5.480366573117569260e+02
9.588968107342719804e+01 4.874288411729870631e+02
5.284284357130527354e+01 5.978462576684920577e+02
1.167997035455703667e+02 5.382067800395626591e+02
8.119232607126235735e+01 5.507231864830446284e+02
-3.146252326726913395e+01 4.967613090568945609e+02
4.314028626441955794e+01 5.438436643667752151e+02
8.818790426015853257e+01 4.769481048543050861e+02
1.560875213432312023e+02 4.336803779469739197e+02
8.319435241222382160e+01 5.853931784846251958e+02
6.854472783088684196e+01 4.884944212539460864e+02
1.580501181936264175e+02 4.925895105238972178e+02
1.424008955001831112e+02 5.825419863682013784e+02
1.706456429481506376e+01 4.937618084941628354e+02
1.325036825084686143e+02 5.697160460891161620e+02
1.322884042239189171e+02 5.310989560233175553e+02
5.831573273658752754e+01 5.296248319994285794e+02
1.467515065261721645e+02 5.018543910129948813e+02
1.586323435592651379e+02 4.352653832953913593e+02
9.684529951095581168e+01 5.172021591387419903e+02
2.107761133837699958e+02 5.198498763687061910e+02
2.318478883075714236e+02 4.313804483199709807e+02
2.519649362087249642e+02 4.718354740990317850e+02
1.995460502004623322e+02 5.489778200877549352e+02
2.010920599889755351e+02 5.988131842929316235e+02
1.837277927780151288e+02 6.005515673514623813e+02
2.753593687629699502e+02 5.010772819578284611e+02
