9.317186366279201284e-03 3.916502833311575650e-03
1.304140881169587457e-02 3.659501879384569403e-03
1.616814075969159534e-02 3.030786219741155117e-03
1.809307998046278884e-02 2.820743983064492345e-03
1.982119997963309455e-02 2.630437519875122344e-03
2.117743158712983090e-02 2.559017752205568035e-03
2.240851601585745756e-02 2.490290133669634861e-03
2.355978876352310056e-02 2.435342445942507809e-03
2.454477174207568210e-02 2.392413213010155873e-03
2.538912674412131462e-02 2.408753720168927987e-03
2.617648325860500239e-02 2.488437727120910818e-03
2.708481909707188481e-02 2.461236962718743159e-03
2.778782600536942524e-02 2.434017955695313377e-03
2.851387567818164728e-02 2.434965136116026743e-03
2.922714667394757382e-02 2.214523464416633548e-03
2.993114471435547042e-02 2.183601140676808602e-03
3.065320579335093637e-02 2.197267873950488944e-03
3.127449318766593878e-02 2.230672461598105609e-03
3.184903468936681886e-02 2.134803449390566647e-03
3.249859374016523389e-02 2.069448339418802733e-03
3.301849458366632600e-02 2.123671267439009459e-03
3.349107978865504404e-02 2.234615664429484647e-03
3.400194093585014177e-02 2.216847880215753672e-03
3.454244662076234873e-02 2.192970268897595412e-03
3.496503055095672580e-02 2.207265651514182803e-03
3.542528647929429897e-02 2.115090520692909388e-03
3.599359506741166281e-02 2.092320376961821077e-03
3.652254614979028730e-02 2.085061496048611508e-03
3.694626029580831694e-02 2.092119876448756809e-03
3.729157792404293875e-02 2.132885321394722197e-03
3.782787006348371783e-02 2.036173832107412117e-03
3.823700256645679724e-02 1.951870573783384384e-03
3.866482879966497144e-02 1.875565162200381860e-03
3.907161075621843477e-02 1.931319812445337052e-03
3.945469163358211739e-02 1.925451898778504862e-03
3.980129558593034633e-02 1.952936428111240637e-03
4.014362264424562593e-02 1.938376861705823351e-03
4.045037828385830009e-02 1.940241853206076204e-03
4.076977141201496013e-02 1.917463844206860344e-03
4.116878982633351974e-02 1.884527500249744830e-03
4.154939271509647258e-02 1.834586425329978081e-03
4.180661872029304421e-02 1.816798382374759354e-03
4.217988081276416445e-02 1.812810824858923121e-03
4.257783312350511828e-02 1.803299712350642627e-03
4.285464003682136480e-02 1.780290965812414980e-03
4.320025343447923827e-02 1.727375437326318782e-03
4.352574087679386000e-02 1.737573545660088363e-03
4.383532900363206614e-02 1.737919083508181802e-03
4.418392647057771405e-02 1.702246830304834143e-03
4.446461286395788498e-02 1.681798854553753038e-03
4.477539669722318399e-02 1.666043967026978757e-03
4.509395655244588519e-02 1.655842012467627876e-03
4.536811370402574206e-02 1.612638844602013984e-03
4.568569198250770763e-02 1.604757365383509965e-03
4.599816180765628482e-02 1.572527266183872466e-03
4.635152585804462599e-02 1.556498542077236957e-03
4.671650469303131187e-02 1.489411610983807331e-03
4.699511550366878426e-02 1.465276209963445883e-03
4.725705478340387622e-02 1.465299404946386955e-03
4.754551772028207945e-02 1.461547443477872153e-03
4.783634703606367417e-02 1.437470685449763075e-03
4.815396841615438711e-02 1.402986008685457031e-03
4.849877931177615925e-02 1.357008969712462498e-03
4.881413288414478135e-02 1.317460850779141697e-03
4.909688901156186724e-02 1.282351047443772152e-03
4.940210536122321971e-02 1.255599965807849315e-03
4.969493467360734662e-02 1.250849098206981884e-03
5.004080843180418181e-02 1.293535355421289142e-03
5.031836152076721302e-02 1.237399410266555458e-03
5.062585536390543095e-02 1.187487262598034121e-03
5.092013891786337232e-02 1.170133251192133567e-03
5.123555939644575119e-02 1.227991076039862883e-03
5.155676614493131388e-02 1.258729066900038558e-03
5.182949721813202154e-02 1.285852647302947876e-03
5.208263345062733030e-02 1.271383810322527239e-03
5.236091334372759004e-02 1.285744345217510517e-03
5.266124077141284832e-02 1.354353290024146389e-03
5.297548864036798200e-02 1.363448696932615745e-03
5.329789999872446005e-02 1.374272918729561562e-03
5.359480090439319722e-02 1.370427960650642818e-03
5.388805564492940570e-02 1.360756625011222539e-03
5.432638894766569221e-02 1.360496397078988931e-03
5.467984758317470662e-02 1.307394826935081742e-03
5.504221878945827345e-02 1.309689852176447629e-03
5.544129725545644816e-02 1.370347650467988775e-03
5.580235045403242333e-02 1.454743200765366449e-03
5.622842382639646475e-02 1.508067208393348456e-03
5.665490724146365897e-02 1.538488514128493649e-03
5.709177855402230994e-02 1.600338452260010886e-03
5.765988569706678724e-02 1.614015308680389520e-03
5.820693716406822454e-02 1.665023920273073525e-03
5.874589513987302919e-02 1.756091177012942053e-03
5.939262855798006085e-02 1.720643467963565466e-03
6.016737293452024266e-02 1.996651137741823050e-03
6.100697960704565270e-02 2.097036858464518694e-03
6.193067632615566198e-02 2.213569399885760222e-03
6.305204808712006059e-02 2.462280378679366361e-03
6.436829213052988607e-02 2.686463109798573490e-03
6.675972878932952270e-02 3.276962810427380603e-03
7.125207666307688259e-02 5.504667950607749181e-03
4.366638113975525215e+01 1.711575242192403579e+01
5.848626976966858138e+01 1.788657472420891636e+01
7.449457523345947152e+01 1.706961190719684396e+01
8.198631118774413551e+01 1.707277222875676159e+01
8.770952640533447209e+01 1.753463810009592549e+01
9.465422058105468750e+01 1.710720676982714750e+01
9.999238784790038892e+01 1.728336663843490228e+01
1.054818666458129854e+02 1.720890940077688569e+01
1.100175082397460926e+02 1.767922697225726125e+01
1.093976324462890659e+02 1.446825936425129555e+01
1.164476121520996088e+02 1.833589760944051150e+01
1.212341651153564470e+02 1.835487619673272164e+01
1.227982983398437540e+02 1.870173927416799486e+01
1.270945417785644480e+02 1.865425252382801347e+01
1.306012680816650402e+02 1.654075700560481010e+01
1.336303133392333962e+02 2.095280134794723992e+01
1.373165657806396496e+02 1.930178119760419264e+01
1.383554358673095805e+02 1.988243047282348996e+01
1.386131877136230344e+02 2.345163647682191055e+01
1.432111408233642464e+02 2.053359489745546540e+01
1.486428071594238247e+02 1.862924176156582945e+01
1.486394171905517680e+02 2.047599858340449330e+01
1.485701756286620991e+02 2.037669095039240830e+01
1.523201617431640500e+02 2.120178250825234301e+01
1.571014620208740098e+02 2.020015959662192984e+01
1.554373512268066406e+02 2.011179487538881361e+01
1.582909369659423930e+02 1.926562628429329393e+01
1.618468991088867313e+02 1.978827534919780007e+01
1.627105024719238315e+02 2.241308075799130961e+01
1.668806079101562432e+02 2.013335206820510948e+01
1.635685172271728618e+02 1.766374420670024037e+01
1.654437770080566281e+02 2.297658069743992471e+01
1.699140522766113293e+02 2.163481935961354097e+01
1.719700046539306584e+02 2.178254430126224861e+01
1.787542757415771462e+02 2.254810348027531930e+01
1.797656788635253804e+02 2.179499411036980305e+01
1.751588198089599473e+02 2.327025641431536940e+01
1.790874140167236419e+02 2.144797036508848365e+01
1.804463697814941270e+02 2.209213783733731873e+01
1.835617381286621139e+02 2.327450962731075279e+01
1.835524557495117222e+02 2.357241408285694462e+01
1.874097409057617085e+02 2.270638829938465619e+01
1.897149131774902457e+02 2.236654092211220757e+01
1.889536743164062500e+02 2.188748415868352026e+01
1.882282702636718739e+02 2.234826388126435859e+01
1.905933581542968795e+02 2.244266671596517071e+01
1.931361265563964764e+02 2.313179888307354659e+01
1.969356066894531239e+02 1.897996357442756477e+01
1.922728460693359409e+02 1.990696645462721648e+01
1.995463169860839798e+02 2.281406759529032513e+01
1.984124539184570324e+02 2.304458822367774218e+01
1.965797366333007687e+02 2.542043003051353978e+01
2.025784645080566406e+02 2.488969234715787948e+01
2.041313067626953170e+02 2.126484638922764603e+01
1.998119483947753849e+02 2.321595851540818245e+01
2.031729754638671750e+02 2.105719705537535091e+01
2.036696540832519418e+02 2.363331014881400094e+01
2.059332981872558719e+02 2.445917413260621842e+01
2.062012672424316406e+02 1.984825024019483664e+01
2.109743132019042946e+02 2.090573744549346102e+01
2.117376251220703125e+02 2.047075584484108290e+01
2.082056866455078250e+02 2.226577415076818056e+01
2.125884869384765636e+02 1.899626570902335843e+01
2.148883026123046989e+02 1.932881888616145361e+01
2.160791854858398438e+02 2.006634497581116605e+01
2.181084445190429619e+02 2.150632387049003569e+01
2.143549987792968636e+02 2.010532690441968029e+01
2.162608987426757778e+02 2.017709776674815103e+01
2.160622645568847702e+02 1.926784116090053800e+01
2.179656298828124932e+02 1.984261817223614344e+01
2.196362898254394622e+02 1.925598171175679596e+01
2.192162376403808537e+02 1.765148401260355371e+01
2.187922256469726676e+02 1.751108533709728476e+01
2.182054725646972599e+02 2.104115476970049059e+01
2.242989682006835892e+02 1.940584335489688073e+01
2.243441154479980355e+02 1.714389329889197811e+01
2.244803387451171943e+02 1.839400393313649928e+01
2.229733790588378781e+02 2.019525308470760194e+01
2.248071240234374955e+02 1.837511407511743755e+01
2.264860238647461017e+02 1.526362809437405765e+01
2.242830445861816315e+02 1.872985904066358387e+01
2.261947671508789028e+02 1.729019939772875958e+01
2.273509681701660270e+02 1.710402962021224482e+01
2.257166871643066486e+02 1.596145713518430576e+01
2.279800462341308673e+02 1.540732588112507351e+01
2.284413212585449173e+02 1.622337664049502592e+01
2.322182585144042832e+02 1.353784411687134970e+01
2.279642030334472622e+02 1.485340972903452439e+01
2.296677368164062614e+02 1.401366185967074252e+01
2.304373498535156273e+02 1.505156438595363610e+01
2.328791333007812625e+02 1.199977512046875106e+01
2.321098204040527264e+02 1.188483587502059891e+01
2.336690618896484466e+02 1.296561682508508717e+01
2.319896081542968886e+02 1.630931922187973626e+01
2.333617059326171841e+02 1.462554274985647851e+01
2.337986422729492233e+02 1.448920886055703150e+01
2.368298924255371105e+02 1.322862874941599998e+01
2.393992135620117097e+02 9.712233932153900184e+00
2.367456753540039074e+02 1.205230297920750893e+01
2.394621098327636730e+02 1.036005942256417534e+01
-1.869790459394454842e+02 5.184125548504872540e+02
-1.047461155128478936e+02 5.559712000355796135e+02
-1.636121954488754398e+02 5.176083330637699191e+02
-1.147980379676818785e+02 5.884335789902027045e+02
-1.223947004091739643e+02 5.260720364306928332e+02
-1.106483770751953131e+02 4.993138668903413304e+02
-9.157143088817596777e+01 5.220142706981763467e+02
-1.192623348331451467e+02 4.764315088866792962e+02
-1.348426644897460847e+02 4.471899807962284967e+02
2.933620565056800800e+01 4.984000512588857532e+02
-1.351478409957885845e+02 5.343894301908940179e+02
-1.002242718124389711e+02 5.590924077545031423e+02
-8.235346422433853775e+01 5.323897046662103776e+02
-1.574647627639770633e+02 5.139109621823015459e+02
-1.178372124695777927e+02 5.356642009984107062e+02
-6.321487928390502731e+01 6.147417298829833499e+02
-1.277108577108383116e+02 5.550066032582247999e+02
-1.522397170352935802e+02 5.041967455841169681e+02
-2.350004637360572701e+01 6.042060147033457724e+02
3.859802904129028267e+00 5.669102805147605295e+02
-7.734013753414154735e+01 5.289275417336427836e+02
-4.177979762077331571e+01 5.107638077663683021e+02
-5.017358419418334847e+01 5.890028213696500643e+02
1.608662480831146269e+01 5.907056549627720869e+02
-5.564036853790283033e+01 5.881073758230627391e+02
-4.025951926231384448e+01 5.653362374299654221e+02
3.323577656745910769e+00 4.907847864376996654e+02
6.276237190961838053e+01 5.375880186209632257e+02
-3.314574115991592151e+01 4.736926807834431656e+02
2.817664432525635032e-01 5.585993069646171989e+02
3.516154285430908288e+01 4.575077792272671786e+02
-5.344319507122040136e+01 5.959755721061760596e+02
-5.348476861000060723e+01 4.207250609627835729e+02
-5.560960444211959697e+01 5.480238048482516433e+02
5.106371046900749278e+00 5.610783814814406014e+02
-1.245915305113792471e+02 5.306362764799290517e+02
-3.465335952758788807e+01 5.574801356229367002e+02
-6.397280409336089946e+01 5.250618166236735078e+02
-5.725937513351440344e+01 5.045329736392194491e+02
3.596103101730346907e+01 5.839811005436463347e+02
2.210494606137275753e+01 5.947106487670779416e+02
-1.989386890947818642e+01 5.649377055396125797e+02
-1.330355195045471106e+01 5.579787073481974176e+02
-1.007728688716888499e+01 4.955355337384896188e+02
6.971702116012573924e+01 5.640188180140662553e+02
-6.456582958459854638e+01 5.697183645826657994e+02
-2.958519419670104966e+01 5.920130465103840152e+02
-7.887742810249328329e+01 5.837250165255873071e+02
6.085337286710738880e+01 4.929835542924085416e+02
-5.652152727127074883e+01 4.660078580007676123e+02
-4.252221340417862194e+01 5.618056267854357202e+02
-1.035033424663543684e+02 5.573595780104867572e+02
-2.973673531055450425e+01 4.918731316095517627e+02
-2.619636342406272789e+01 5.601074762887199086e+02
1.803608225278556176e+01 5.896809519041177055e+02
3.829073851823806507e+01 5.251342956857135960e+02
7.084865256190299476e+01 5.055403196002212098e+02
1.165483796119689863e+01 5.503162721477249306e+02
8.642443810939788307e+01 5.403495075909336265e+02
-1.304077175855636561e+01 5.802281964663910685e+02
-1.615174920618533960e+01 5.050949954914369187e+02
8.867952312409877891e+01 4.334828338694750300e+02
-5.196623341083526526e+01 5.264705375425389775e+02
-5.212334815979004077e+01 4.841086472341070248e+02
-3.020321807861328267e+01 5.511858820244982553e+02
1.562523885309696148e+01 5.212391531580753963e+02
-2.207638005495071454e+01 5.008137419241961084e+02
2.751283824920654197e+01 5.193392151684033706e+02
-1.402996452331542976e+01 5.566010855492212386e+02
-2.522779994010925453e+00 5.421283960728782176e+02
8.746263782978058288e+00 4.907025343016827037e+02
-3.968343698501586658e+01 4.989893262924964006e+02
-8.800875868797302104e+00 5.494293571999335200e+02
4.159410848617553569e+01 4.913743859286844895e+02
2.715541695594787441e+01 5.530263072183765871e+02
1.616115652620792389e+02 5.160134840889494399e+02
8.203216023445129679e+01 5.249254457053226588e+02
1.142286001634597739e+02 4.960832707685354421e+02
-2.516661121845245486e+00 5.582185010542383452e+02
4.859936195373535384e+01 4.518787027759360058e+02
1.022697166204452515e+02 5.549775916536674458e+02
6.988465072631835540e+01 5.485192736642753744e+02
1.361832115411758366e+02 5.338149301100763751e+02
1.351852743339538563e+02 5.516179184162247111e+02
7.243426333844661258e+01 4.983669241515532917e+02
2.446809397697448674e+01 5.496468751384109055e+02
1.120503216950595373e+02 4.416649058258322498e+02
1.628804863643646286e+02 5.631630004669793834e+02
1.001981576919555721e+02 4.981047442222551354e+02
1.511001392126083260e+02 4.949699009431333252e+02
1.423985555505752529e+02 5.470183986268641547e+02
1.167948651790618868e+02 5.777878751933812964e+02
1.129810899639129644e+02 4.730508959555727984e+02
9.436545742988586483e+01 5.041844053680012507e+02
2.312069353193044776e+02 5.162268590155430275e+02
1.226700770258903503e+02 4.924083417451484479e+02
1.852494620704650856e+02 4.475829024174772712e+02
1.782517542457580646e+02 5.863331085028917187e+02
1.900733957958221367e+02 5.286679337637758636e+02
1.224618016052246077e+02 5.515748566914437561e+02
